      T         p     Ionization  brems     pair     photonuc  Radloss    dE/dx   CSDA Range  delta   beta   dE/dx_R
  1.000E+00 1.457E+01 2.326E+00 0.000E+00 0.000E+00 4.387E-05 4.387E-05 4.652E+00 3.071E-03  0.0023 0.13661 3.110E+01
  1.200E+00 1.597E+01 2.720E+01 0.000E+00 0.000E+00 4.395E-05 4.395E-05 2.720E+01 9.966E-03  0.0028 0.14944 2.720E+01
  1.400E+00 1.726E+01 2.426E+01 0.000E+00 0.000E+00 4.403E-05 4.403E-05 2.426E+01 1.777E-02  0.0032 0.16119 2.426E+01
  1.700E+00 1.903E+01 2.099E+01 0.000E+00 0.000E+00 4.416E-05 4.416E-05 2.099E+01 3.110E-02  0.0039 0.17725 2.099E+01
  2.000E+00 2.066E+01 1.857E+01 0.000E+00 0.000E+00 4.428E-05 4.428E-05 1.857E+01 4.633E-02  0.0046 0.19186 1.857E+01
  2.500E+00 2.312E+01 1.568E+01 0.000E+00 0.000E+00 4.449E-05 4.449E-05 1.568E+01 7.577E-02  0.0058 0.21376 1.568E+01
  3.000E+00 2.536E+01 1.364E+01 0.000E+00 0.000E+00 4.469E-05 4.469E-05 1.364E+01 1.101E-01  0.0069 0.23336 1.345E+01
  3.500E+00 2.742E+01 1.212E+01 0.000E+00 0.000E+00 4.490E-05 4.490E-05 1.212E+01 1.490E-01  0.0081 0.25120 1.179E+01
  4.000E+00 2.935E+01 1.095E+01 0.000E+00 0.000E+00 4.510E-05 4.510E-05 1.095E+01 1.925E-01  0.0093 0.26763 1.053E+01
  4.500E+00 3.116E+01 1.000E+01 0.000E+00 0.000E+00 4.531E-05 4.531E-05 1.001E+01 2.403E-01  0.0105 0.28290 9.531E+00
  5.000E+00 3.289E+01 9.232E+00 0.000E+00 0.000E+00 4.551E-05 4.551E-05 9.232E+00 2.924E-01  0.0117 0.29720 8.722E+00
  5.500E+00 3.453E+01 8.586E+00 0.000E+00 0.000E+00 4.572E-05 4.572E-05 8.586E+00 3.486E-01  0.0129 0.31066 8.054E+00
  6.000E+00 3.611E+01 8.038E+00 0.000E+00 0.000E+00 4.593E-05 4.593E-05 8.038E+00 4.088E-01  0.0141 0.32339 7.491E+00
  7.000E+00 3.909E+01 7.156E+00 0.000E+00 0.000E+00 4.634E-05 4.634E-05 7.156E+00 5.410E-01  0.0165 0.34700 6.597E+00
  8.000E+00 4.189E+01 6.476E+00 0.000E+00 0.000E+00 4.675E-05 4.675E-05 6.476E+00 6.881E-01  0.0190 0.36854 5.916E+00
  9.000E+00 4.453E+01 5.935E+00 0.000E+00 0.000E+00 4.716E-05 4.716E-05 5.935E+00 8.496E-01  0.0214 0.38836 5.380E+00
  1.000E+01 4.704E+01 5.494E+00 0.000E+00 0.000E+00 4.757E-05 4.757E-05 5.494E+00 1.025E+00  0.0239 0.40675 4.947E+00
  1.200E+01 5.177E+01 4.817E+00 0.000E+00 0.000E+00 4.839E-05 4.839E-05 4.817E+00 1.415E+00  0.0290 0.43998 4.290E+00
  1.400E+01 5.616E+01 4.321E+00 0.000E+00 0.000E+00 4.922E-05 4.922E-05 4.321E+00 1.854E+00  0.0341 0.46937 3.814E+00
  1.700E+01 6.230E+01 3.783E+00 0.000E+00 0.000E+00 5.045E-05 5.045E-05 3.783E+00 2.599E+00  0.0420 0.50792 3.304E+00
  2.000E+01 6.802E+01 3.399E+00 0.000E+00 0.000E+00 5.168E-05 5.168E-05 3.399E+00 3.437E+00  0.0500 0.54129 2.943E+00
  2.500E+01 7.686E+01 2.955E+00 0.000E+00 0.000E+00 5.374E-05 5.374E-05 2.955E+00 5.021E+00  0.0639 0.58827 2.530E+00
  3.000E+01 8.509E+01 2.654E+00 0.000E+00 0.000E+00 5.580E-05 5.580E-05 2.654E+00 6.812E+00  0.0782 0.62720 2.252E+00
  3.500E+01 9.285E+01 2.437E+00 0.000E+00 0.000E+00 5.785E-05 5.785E-05 2.437E+00 8.781E+00  0.0932 0.66011 2.053E+00
  4.000E+01 1.003E+02 2.274E+00 0.000E+00 0.000E+00 5.991E-05 5.991E-05 2.274E+00 1.091E+01  0.1087 0.68834 1.904E+00
  4.500E+01 1.074E+02 2.147E+00 0.000E+00 0.000E+00 6.197E-05 6.197E-05 2.147E+00 1.317E+01  0.1237 0.71286 1.788E+00
  5.000E+01 1.143E+02 2.047E+00 0.000E+00 0.000E+00 6.402E-05 6.402E-05 2.047E+00 1.556E+01  0.1376 0.73434 1.696E+00
  5.500E+01 1.210E+02 1.965E+00 0.000E+00 0.000E+00 6.608E-05 6.608E-05 1.965E+00 1.805E+01  0.1519 0.75332 1.621E+00
  6.000E+01 1.276E+02 1.897E+00 7.606E-07 0.000E+00 6.814E-05 6.890E-05 1.897E+00 2.065E+01  0.1666 0.77019 1.559E+00
  7.000E+01 1.403E+02 1.793E+00 4.224E-06 0.000E+00 7.225E-05 7.647E-05 1.793E+00 2.608E+01  0.1964 0.79887 1.462E+00
  8.000E+01 1.527E+02 1.717E+00 7.876E-06 0.000E+00 7.636E-05 8.424E-05 1.717E+00 3.178E+01  0.2262 0.82227 1.391E+00
  9.000E+01 1.647E+02 1.660E+00 1.171E-05 0.000E+00 8.047E-05 9.218E-05 1.660E+00 3.771E+01  0.2559 0.84166 1.337E+00
  1.000E+02 1.764E+02 1.616E+00 1.571E-05 0.000E+00 8.459E-05 1.003E-04 1.616E+00 4.382E+01  0.2852 0.85794 1.295E+00
  1.200E+02 1.994E+02 1.555E+00 2.418E-05 0.000E+00 9.281E-05 1.170E-04 1.555E+00 5.646E+01  0.3425 0.88361 1.234E+00
  1.400E+02 2.218E+02 1.516E+00 3.325E-05 0.000E+00 1.010E-04 1.343E-04 1.516E+00 6.950E+01  0.3977 0.90278 1.193E+00
  1.700E+02 2.546E+02 1.481E+00 4.785E-05 0.000E+00 1.134E-04 1.612E-04 1.481E+00 8.954E+01  0.4768 0.92363 1.153E+00
  2.000E+02 2.868E+02 1.463E+00 6.354E-05 0.000E+00 1.257E-04 1.893E-04 1.463E+00 1.099E+02  0.5516 0.93835 1.129E+00
  2.500E+02 3.396E+02 1.452E+00 9.182E-05 0.000E+00 1.463E-04 2.381E-04 1.452E+00 1.443E+02  0.6680 0.95485 1.105E+00
  2.736E+02 3.642E+02 1.451E+00 1.224E-04 0.000E+00 1.668E-04 2.893E-04 1.453E+00  Minimum ionization
  3.000E+02 3.917E+02 1.452E+00 1.224E-04 0.000E+00 1.668E-04 2.893E-04 1.453E+00 1.787E+02  0.7754 0.96548 1.093E+00
  3.500E+02 4.432E+02 1.458E+00 1.551E-04 0.000E+00 1.874E-04 3.425E-04 1.459E+00 2.131E+02  0.8752 0.97274 1.087E+00
  4.000E+02 4.945E+02 1.467E+00 1.896E-04 0.000E+00 2.080E-04 3.976E-04 1.467E+00 2.472E+02  0.9685 0.97793 1.084E+00
  4.500E+02 5.455E+02 1.477E+00 2.257E-04 0.000E+00 2.285E-04 4.543E-04 1.477E+00 2.812E+02  1.0561 0.98176 1.083E+00
  5.000E+02 5.964E+02 1.487E+00 2.634E-04 0.000E+00 2.491E-04 5.125E-04 1.488E+00 3.149E+02  1.1388 0.98467 1.083E+00
  5.500E+02 6.471E+02 1.498E+00 3.024E-04 0.000E+00 2.697E-04 5.720E-04 1.499E+00 3.484E+02  1.2172 0.98693 1.084E+00
  6.000E+02 6.977E+02 1.509E+00 3.426E-04 0.000E+00 2.902E-04 6.329E-04 1.509E+00 3.817E+02  1.2917 0.98873 1.086E+00
  7.000E+02 7.987E+02 1.529E+00 4.266E-04 0.000E+00 3.314E-04 7.580E-04 1.529E+00 4.475E+02  1.4306 0.99136 1.089E+00
  8.000E+02 8.995E+02 1.548E+00 5.147E-04 0.000E+00 3.725E-04 8.872E-04 1.548E+00 5.124E+02  1.5581 0.99317 1.093E+00
  9.000E+02 1.000E+03 1.565E+00 6.065E-04 0.000E+00 4.136E-04 1.020E-03 1.566E+00 5.767E+02  1.6760 0.99447 1.097E+00
  1.000E+03 1.101E+03 1.581E+00 7.016E-04 1.185E-05 4.548E-04 1.168E-03 1.582E+00 6.402E+02  1.7857 0.99542 1.100E+00
  1.200E+03 1.301E+03 1.610E+00 9.006E-04 1.533E-04 5.370E-04 1.591E-03 1.612E+00 7.654E+02  1.9851 0.99672 1.107E+00
  1.400E+03 1.502E+03 1.635E+00 1.110E-03 3.144E-04 6.193E-04 2.043E-03 1.637E+00 8.885E+02  2.1629 0.99753 1.113E+00
  1.700E+03 1.803E+03 1.667E+00 1.440E-03 5.876E-04 7.427E-04 2.770E-03 1.670E+00 1.070E+03  2.3985 0.99829 1.121E+00
  2.000E+03 2.103E+03 1.694E+00 1.786E-03 8.929E-04 8.693E-04 3.549E-03 1.697E+00 1.248E+03  2.6055 0.99874 1.127E+00
  2.500E+03 2.604E+03 1.730E+00 2.395E-03 1.461E-03 1.093E-03 4.948E-03 1.735E+00 1.539E+03  2.9035 0.99918 1.135E+00
  3.000E+03 3.104E+03 1.760E+00 3.035E-03 2.091E-03 1.319E-03 6.445E-03 1.766E+00 1.825E+03  3.1584 0.99942 1.141E+00
  3.500E+03 3.604E+03 1.785E+00 3.703E-03 2.773E-03 1.547E-03 8.023E-03 1.793E+00 2.106E+03  3.3815 0.99957 1.146E+00
  4.000E+03 4.104E+03 1.806E+00 4.393E-03 3.500E-03 1.778E-03 9.671E-03 1.816E+00 2.383E+03  3.5803 0.99967 1.151E+00
  4.500E+03 4.604E+03 1.824E+00 5.104E-03 4.266E-03 2.010E-03 1.138E-02 1.836E+00 2.657E+03  3.7596 0.99974 1.154E+00
  5.000E+03 5.105E+03 1.841E+00 5.835E-03 5.069E-03 2.240E-03 1.314E-02 1.854E+00 2.928E+03  3.9231 0.99979 1.157E+00
  5.500E+03 5.605E+03 1.855E+00 6.593E-03 5.914E-03 2.452E-03 1.496E-02 1.870E+00 3.196E+03  4.0735 0.99982 1.159E+00
  6.000E+03 6.105E+03 1.868E+00 7.367E-03 6.788E-03 2.663E-03 1.682E-02 1.885E+00 3.462E+03  4.2127 0.99985 1.162E+00
  7.000E+03 7.105E+03 1.891E+00 8.957E-03 8.617E-03 3.084E-03 2.066E-02 1.912E+00 3.989E+03  4.4639 0.99989 1.165E+00
  8.000E+03 8.105E+03 1.911E+00 1.060E-02 1.054E-02 3.503E-03 2.464E-02 1.935E+00 4.509E+03  4.6858 0.99992 1.168E+00
  9.000E+03 9.105E+03 1.927E+00 1.228E-02 1.255E-02 3.920E-03 2.875E-02 1.956E+00 5.023E+03  4.8848 0.99993 1.171E+00
  1.000E+04 1.011E+04 1.942E+00 1.401E-02 1.463E-02 4.335E-03 3.297E-02 1.975E+00 5.532E+03  5.0653 0.99995 1.173E+00
  1.200E+04 1.211E+04 1.967E+00 1.758E-02 1.900E-02 5.140E-03 4.172E-02 2.009E+00 6.536E+03  5.3829 0.99996 1.176E+00
  1.400E+04 1.411E+04 1.987E+00 2.127E-02 2.360E-02 5.937E-03 5.081E-02 2.038E+00 7.524E+03  5.6562 0.99997 1.178E+00
  1.700E+04 1.711E+04 2.012E+00 2.701E-02 3.086E-02 7.119E-03 6.498E-02 2.077E+00 8.982E+03  6.0065 0.99998 1.180E+00
  2.000E+04 2.011E+04 2.032E+00 3.293E-02 3.848E-02 8.289E-03 7.970E-02 2.112E+00 1.041E+04  6.3044 0.99999 1.182E+00
  2.500E+04 2.511E+04 2.059E+00 4.316E-02 5.222E-02 1.024E-02 1.056E-01 2.165E+00 1.275E+04  6.7197 0.99999 1.184E+00
  3.000E+04 3.011E+04 2.080E+00 5.376E-02 6.672E-02 1.216E-02 1.326E-01 2.213E+00 1.504E+04  7.0641 0.99999 1.186E+00
  3.500E+04 3.511E+04 2.098E+00 6.467E-02 8.185E-02 1.407E-02 1.606E-01 2.258E+00 1.727E+04  7.3583 1.00000 1.187E+00
  4.000E+04 4.011E+04 2.112E+00 7.583E-02 9.751E-02 1.597E-02 1.893E-01 2.302E+00 1.946E+04  7.6153 1.00000 1.187E+00
  4.500E+04 4.511E+04 2.125E+00 8.723E-02 1.136E-01 1.785E-02 2.187E-01 2.344E+00 2.162E+04  7.8435 1.00000 1.188E+00
  5.000E+04 5.011E+04 2.136E+00 9.883E-02 1.302E-01 1.972E-02 2.487E-01 2.385E+00 2.373E+04  8.0486 1.00000 1.188E+00
  5.500E+04 5.511E+04 2.146E+00 1.105E-01 1.467E-01 2.162E-02 2.788E-01 2.425E+00 2.581E+04  8.2350 1.00000 1.188E+00
  6.000E+04 6.011E+04 2.155E+00 1.224E-01 1.635E-01 2.351E-02 3.094E-01 2.465E+00 2.786E+04  8.4058 1.00000 1.189E+00
  7.000E+04 7.011E+04 2.171E+00 1.465E-01 1.980E-01 2.728E-02 3.718E-01 2.543E+00 3.185E+04  8.7095 1.00000 1.189E+00
  8.000E+04 8.011E+04 2.184E+00 1.711E-01 2.335E-01 3.103E-02 4.356E-01 2.620E+00 3.572E+04  8.9738 1.00000 1.189E+00
  9.000E+04 9.011E+04 2.196E+00 1.962E-01 2.697E-01 3.477E-02 5.007E-01 2.697E+00 3.949E+04  9.2077 1.00000 1.189E+00
  1.000E+05 1.001E+05 2.207E+00 2.216E-01 3.068E-01 3.849E-02 5.669E-01 2.773E+00 4.314E+04  9.4173 1.00000 1.189E+00
  1.200E+05 1.201E+05 2.224E+00 2.730E-01 3.815E-01 4.604E-02 7.005E-01 2.925E+00 5.016E+04  9.7809 1.00000 1.189E+00
  1.400E+05 1.401E+05 2.239E+00 3.254E-01 4.583E-01 5.357E-02 8.372E-01 3.076E+00 5.683E+04 10.0888 1.00000 1.189E+00
  1.700E+05 1.701E+05 2.258E+00 4.058E-01 5.766E-01 6.483E-02 1.047E+00 3.305E+00 6.624E+04 10.4768 1.00000 1.189E+00
  2.000E+05 2.001E+05 2.273E+00 4.879E-01 6.982E-01 7.606E-02 1.262E+00 3.535E+00 7.501E+04 10.8017 1.00000 1.189E+00
  2.500E+05 2.501E+05 2.295E+00 6.255E-01 8.972E-01 9.505E-02 1.618E+00 3.912E+00 8.845E+04 11.2478 1.00000 1.189E+00
  3.000E+05 3.001E+05 2.312E+00 7.659E-01 1.101E+00 1.140E-01 1.981E+00 4.293E+00 1.006E+05 11.6123 1.00000 1.189E+00
  3.469E+05 3.470E+05 2.326E+00 8.999E-01 1.295E+00 1.319E-01 2.327E+00 4.652E+00  Muon critical energy       
  3.500E+05 3.501E+05 2.327E+00 9.087E-01 1.308E+00 1.330E-01 2.349E+00 4.676E+00 1.118E+05 11.9205 1.00000 1.189E+00
  4.000E+05 4.001E+05 2.339E+00 1.054E+00 1.518E+00 1.520E-01 2.723E+00 5.063E+00 1.221E+05 12.1874 1.00000 1.189E+00
  4.500E+05 4.501E+05 2.351E+00 1.200E+00 1.731E+00 1.710E-01 3.102E+00 5.453E+00 1.316E+05 12.4230 1.00000 1.189E+00
  5.000E+05 5.001E+05 2.361E+00 1.348E+00 1.946E+00 1.900E-01 3.485E+00 5.845E+00 1.405E+05 12.6336 1.00000 1.189E+00
  5.500E+05 5.501E+05 2.370E+00 1.495E+00 2.157E+00 2.094E-01 3.862E+00 6.232E+00 1.487E+05 12.8242 1.00000 1.189E+00
  6.000E+05 6.001E+05 2.378E+00 1.643E+00 2.370E+00 2.289E-01 4.242E+00 6.620E+00 1.565E+05 12.9982 1.00000 1.189E+00
  7.000E+05 7.001E+05 2.393E+00 1.942E+00 2.799E+00 2.680E-01 5.009E+00 7.402E+00 1.708E+05 13.3065 1.00000 1.189E+00
  8.000E+05 8.001E+05 2.406E+00 2.244E+00 3.233E+00 3.072E-01 5.784E+00 8.190E+00 1.836E+05 13.5735 1.00000 1.189E+00
  9.000E+05 9.001E+05 2.417E+00 2.549E+00 3.670E+00 3.465E-01 6.565E+00 8.983E+00 1.953E+05 13.8090 1.00000 1.189E+00
  1.000E+06 1.000E+06 2.428E+00 2.856E+00 4.111E+00 3.859E-01 7.353E+00 9.781E+00 2.060E+05 14.0197 1.00000 1.189E+00
  1.200E+06 1.200E+06 2.446E+00 3.468E+00 4.984E+00 4.662E-01 8.918E+00 1.136E+01 2.249E+05 14.3843 1.00000 1.189E+00
  1.400E+06 1.400E+06 2.461E+00 4.085E+00 5.865E+00 5.470E-01 1.050E+01 1.296E+01 2.414E+05 14.6926 1.00000 1.189E+00
  1.700E+06 1.700E+06 2.480E+00 5.021E+00 7.198E+00 6.688E-01 1.289E+01 1.537E+01 2.626E+05 15.0809 1.00000 1.189E+00
  2.000E+06 2.000E+06 2.496E+00 5.967E+00 8.544E+00 7.914E-01 1.530E+01 1.780E+01 2.807E+05 15.4059 1.00000 1.189E+00
  2.500E+06 2.500E+06 2.518E+00 7.533E+00 1.076E+01 1.000E+00 1.930E+01 2.181E+01 3.061E+05 15.8522 1.00000 1.189E+00
  3.000E+06 3.000E+06 2.537E+00 9.112E+00 1.300E+01 1.211E+00 2.332E+01 2.586E+01 3.271E+05 16.2168 1.00000 1.189E+00
  3.500E+06 3.500E+06 2.553E+00 1.070E+01 1.524E+01 1.423E+00 2.737E+01 2.992E+01 3.451E+05 16.5251 1.00000 1.189E+00
  4.000E+06 4.000E+06 2.566E+00 1.230E+01 1.750E+01 1.637E+00 3.144E+01 3.400E+01 3.607E+05 16.7921 1.00000 1.189E+00
  4.500E+06 4.500E+06 2.578E+00 1.391E+01 1.977E+01 1.852E+00 3.553E+01 3.811E+01 3.746E+05 17.0277 1.00000 1.189E+00
  5.000E+06 5.000E+06 2.589E+00 1.553E+01 2.204E+01 2.068E+00 3.963E+01 4.222E+01 3.871E+05 17.2384 1.00000 1.189E+00
  5.500E+06 5.500E+06 2.599E+00 1.713E+01 2.429E+01 2.288E+00 4.371E+01 4.631E+01 3.984E+05 17.4290 1.00000 1.189E+00
  6.000E+06 6.000E+06 2.608E+00 1.873E+01 2.655E+01 2.510E+00 4.779E+01 5.040E+01 4.087E+05 17.6031 1.00000 1.189E+00
  7.000E+06 7.000E+06 2.624E+00 2.195E+01 3.107E+01 2.956E+00 5.598E+01 5.860E+01 4.271E+05 17.9114 1.00000 1.189E+00
  8.000E+06 8.000E+06 2.638E+00 2.518E+01 3.561E+01 3.406E+00 6.419E+01 6.683E+01 4.431E+05 18.1784 1.00000 1.189E+00
  9.000E+06 9.000E+06 2.651E+00 2.842E+01 4.016E+01 3.860E+00 7.244E+01 7.509E+01 4.572E+05 18.4140 1.00000 1.189E+00
  1.000E+07 1.000E+07 2.662E+00 3.167E+01 4.472E+01 4.316E+00 8.071E+01 8.337E+01 4.698E+05 18.6247 1.00000 1.189E+00
  1.200E+07 1.200E+07 2.682E+00 3.814E+01 5.379E+01 5.245E+00 9.718E+01 9.986E+01 4.917E+05 18.9893 1.00000 1.189E+00
  1.400E+07 1.400E+07 2.698E+00 4.463E+01 6.288E+01 6.184E+00 1.137E+02 1.164E+02 5.103E+05 19.2976 1.00000 1.189E+00
  1.700E+07 1.700E+07 2.720E+00 5.439E+01 7.656E+01 7.609E+00 1.386E+02 1.413E+02 5.336E+05 19.6859 1.00000 1.189E+00
  2.000E+07 2.000E+07 2.737E+00 6.419E+01 9.026E+01 9.050E+00 1.635E+02 1.662E+02 5.532E+05 20.0110 1.00000 1.189E+00
  2.500E+07 2.500E+07 2.762E+00 8.045E+01 1.130E+02 1.151E+01 2.050E+02 2.077E+02 5.800E+05 20.4573 1.00000 1.189E+00
  3.000E+07 3.000E+07 2.783E+00 9.675E+01 1.358E+02 1.401E+01 2.466E+02 2.494E+02 6.020E+05 20.8219 1.00000 1.189E+00
  3.500E+07 3.500E+07 2.800E+00 1.131E+02 1.586E+02 1.654E+01 2.883E+02 2.911E+02 6.205E+05 21.1302 1.00000 1.189E+00
  4.000E+07 4.000E+07 2.815E+00 1.294E+02 1.815E+02 1.909E+01 3.300E+02 3.328E+02 6.366E+05 21.3973 1.00000 1.189E+00
  4.500E+07 4.500E+07 2.829E+00 1.458E+02 2.044E+02 2.166E+01 3.718E+02 3.747E+02 6.507E+05 21.6328 1.00000 1.189E+00
  5.000E+07 5.000E+07 2.841E+00 1.622E+02 2.272E+02 2.426E+01 4.137E+02 4.166E+02 6.634E+05 21.8435 1.00000 1.189E+00
  5.500E+07 5.500E+07 2.852E+00 1.786E+02 2.501E+02 2.690E+01 4.555E+02 4.584E+02 6.748E+05 22.0342 1.00000 1.189E+00
  6.000E+07 6.000E+07 2.862E+00 1.949E+02 2.729E+02 2.955E+01 4.974E+02 5.002E+02 6.852E+05 22.2082 1.00000 1.189E+00
  7.000E+07 7.000E+07 2.880E+00 2.277E+02 3.186E+02 3.491E+01 5.812E+02 5.841E+02 7.037E+05 22.5165 1.00000 1.189E+00
  8.000E+07 8.000E+07 2.895E+00 2.605E+02 3.643E+02 4.033E+01 6.651E+02 6.680E+02 7.197E+05 22.7836 1.00000 1.189E+00
  9.000E+07 9.000E+07 2.909E+00 2.933E+02 4.100E+02 4.580E+01 7.491E+02 7.520E+02 7.338E+05 23.0191 1.00000 1.189E+00
  1.000E+08 1.000E+08 2.922E+00 3.261E+02 4.558E+02 5.131E+01 8.332E+02 8.361E+02 7.464E+05 23.2298 1.00000 1.189E+00
  1.200E+08 1.200E+08 2.944E+00 3.913E+02 5.470E+02 6.157E+01 9.998E+02 1.003E+03 7.682E+05 23.5945 1.00000 1.189E+00
  1.400E+08 1.400E+08 2.962E+00 4.565E+02 6.381E+02 7.183E+01 1.166E+03 1.169E+03 7.867E+05 23.9028 1.00000 1.189E+00
  1.700E+08 1.700E+08 2.986E+00 5.544E+02 7.749E+02 8.723E+01 1.416E+03 1.419E+03 8.099E+05 24.2911 1.00000 1.189E+00
  2.000E+08 2.000E+08 3.006E+00 6.522E+02 9.116E+02 1.026E+02 1.666E+03 1.669E+03 8.294E+05 24.6161 1.00000 1.189E+00
  2.500E+08 2.500E+08 3.033E+00 8.152E+02 1.140E+03 1.283E+02 2.083E+03 2.086E+03 8.561E+05 25.0624 1.00000 1.189E+00
  3.000E+08 3.000E+08 3.056E+00 9.783E+02 1.367E+03 1.539E+02 2.500E+03 2.503E+03 8.780E+05 25.4271 1.00000 1.189E+00
  3.500E+08 3.500E+08 3.075E+00 1.141E+03 1.595E+03 1.796E+02 2.916E+03 2.919E+03 8.965E+05 25.7354 1.00000 1.189E+00
  4.000E+08 4.000E+08 3.092E+00 1.304E+03 1.823E+03 2.052E+02 3.333E+03 3.336E+03 9.125E+05 26.0024 1.00000 1.189E+00
  4.500E+08 4.500E+08 3.107E+00 1.467E+03 2.051E+03 2.309E+02 3.749E+03 3.753E+03 9.266E+05 26.2380 1.00000 1.189E+00
  5.000E+08 5.000E+08 3.121E+00 1.630E+03 2.279E+03 2.566E+02 4.166E+03 4.169E+03 9.392E+05 26.4487 1.00000 1.189E+00
  5.500E+08 5.500E+08 3.133E+00 1.793E+03 2.507E+03 2.822E+02 4.583E+03 4.586E+03 9.507E+05 26.6393 1.00000 1.189E+00
  6.000E+08 6.000E+08 3.144E+00 1.957E+03 2.735E+03 3.079E+02 4.999E+03 5.002E+03 9.611E+05 26.8134 1.00000 1.189E+00
  7.000E+08 7.000E+08 3.165E+00 2.283E+03 3.191E+03 3.592E+02 5.832E+03 5.836E+03 9.796E+05 27.1217 1.00000 1.189E+00
  8.000E+08 8.000E+08 3.182E+00 2.609E+03 3.646E+03 4.105E+02 6.666E+03 6.669E+03 9.956E+05 27.3887 1.00000 1.189E+00
  9.000E+08 9.000E+08 3.198E+00 2.935E+03 4.102E+03 4.618E+02 7.499E+03 7.502E+03 1.010E+06 27.6243 1.00000 1.189E+00
  1.000E+09 1.000E+09 3.212E+00 3.261E+03 4.558E+03 5.131E+02 8.332E+03 8.335E+03 1.022E+06 27.8350 1.00000 1.189E+00
